99 3044
1 4 50148
1 6 22232
1 7 54120
1 10 64151
1 11 76658
1 12 96255
1 13 84361
1 17 83639
1 33 80950
1 36 85253
1 37 13961
1 51 26235
1 53 97221
1 56 70118
1 64 56135
1 68 11973
1 69 93265
1 70 93386
1 71 3335
1 74 90929
1 86 40685
1 87 51132
1 89 39647
1 91 10400
1 94 38551
1 97 41816
2 7 12924
2 13 58949
2 16 73959
2 17 63353
2 19 51913
2 23 55989
2 24 48708
2 25 2020
2 30 97233
2 36 6484
2 39 55638
2 43 94264
2 47 19040
2 49 73080
2 63 92091
2 65 46564
2 69 56941
2 70 27703
2 75 68375
2 77 30573
2 78 6105
2 82 94972
2 83 45447
2 84 38129
2 85 43253
2 87 33659
2 91 73684
2 92 45468
2 93 9024
2 94 44361
2 95 36924
2 98 28107
3 1 53362
3 5 74841
3 11 8192
3 12 23731
3 13 22550
3 14 81914
3 21 4647
3 24 90293
3 32 61765
3 33 18640
3 37 3251
3 38 77079
3 44 94018
3 53 45414
3 55 37354
3 64 25166
3 66 32233
3 71 42137
3 79 61434
3 80 6868
3 87 91408
3 89 42850
3 91 17761
3 92 48185
3 94 13990
3 95 84764
3 97 70157
4 6 66745
4 8 58017
4 13 7213
4 14 1605
4 16 10915
4 17 60862
4 23 71082
4 24 21711
4 26 59798
4 31 22221
4 36 72261
4 39 62565
4 40 88945
4 41 59251
4 51 36304
4 52 79664
4 58 95619
4 63 69775
4 66 62392
4 67 40753
4 69 69803
4 70 13929
4 86 18753
4 87 47003
4 90 16976
4 92 68835
4 97 88713
5 4 43291
5 6 76059
5 7 96201
5 8 64425
5 11 79158
5 13 78817
5 16 35440
5 17 65944
5 18 80211
5 19 94635
5 21 77054
5 22 77933
5 24 4494
5 25 75473
5 28 95905
5 32 67148
5 36 31507
5 39 10351
5 40 20858
5 42 57594
5 47 12180
5 52 89747
5 56 68783
5 57 19720
5 58 84067
5 64 43000
5 65 29608
5 66 75237
5 70 80999
5 74 73813
5 80 28190
5 82 65557
5 84 99452
5 86 387
5 94 22917
5 99 62753
6 2 19166
6 8 17909
6 9 55926
6 12 54151
6 14 57593
6 15 95310
6 19 32075
6 22 26210
6 31 81280
6 32 51606
6 33 89564
6 37 67041
6 38 96783
6 39 34560
6 40 20376
6 46 19451
6 50 75182
6 53 97424
6 64 87859
6 66 50649
6 71 26938
6 74 50654
6 80 28651
6 85 85688
6 90 90070
6 94 98012
6 96 41995
7 12 706
7 14 22296
7 24 89070
7 28 68967
7 29 84334
7 30 20402
7 34 62358
7 38 1281
7 43 93814
7 48 36410
7 50 56023
7 51 3224
7 55 74857
7 61 41865
7 64 69742
7 65 53190
7 68 8332
7 77 85909
7 78 28729
7 81 76995
7 83 22043
7 84 39725
7 86 85591
7 87 51100
7 88 10779
7 92 3457
7 93 15766
7 96 26090
7 97 24940
8 3 8035
8 11 7288
8 12 61987
8 15 25572
8 19 99666
8 21 55354
8 22 17513
8 24 58416
8 25 55481
8 27 31862
8 29 19546
8 34 97730
8 37 23676
8 39 46224
8 41 64764
8 43 22314
8 53 90690
8 57 90738
8 60 57389
8 62 65319
8 63 71266
8 65 58166
8 69 15486
8 70 83917
8 73 1259
8 77 30677
8 78 72158
8 79 61471
8 80 97563
8 83 96000
8 86 43891
8 88 55844
8 93 25716
8 94 81744
8 98 60614
9 2 42679
9 12 90636
9 15 38535
9 17 47322
9 19 11156
9 22 55553
9 29 52642
9 30 72020
9 33 10006
9 36 68385
9 41 70752
9 42 86130
9 44 34676
9 45 76138
9 49 94046
9 50 4613
9 51 75336
9 59 37475
9 61 41580
9 63 45243
9 64 15390
9 67 42764
9 71 3606
9 78 48793
9 79 19769
9 81 90574
9 91 54468
9 92 82625
9 94 84113
9 98 63052
10 4 28508
10 7 63386
10 11 22987
10 16 19094
10 18 88570
10 19 53129
10 20 2753
10 22 59557
10 28 29148
10 29 83739
10 31 18154
10 35 61856
10 36 53495
10 43 98838
10 49 46170
10 50 47272
10 54 18807
10 59 78075
10 60 1910
10 62 50822
10 66 61531
10 68 34380
10 70 4146
10 71 84355
10 81 74023
10 93 95458
10 94 48184
10 95 62264
10 97 50586
10 98 47458
11 4 62755
11 6 51559
11 7 37816
11 14 5221
11 18 6662
11 23 92610
11 30 30996
11 31 53645
11 32 96190
11 34 5284
11 35 84096
11 36 57844
11 37 11314
11 38 55484
11 41 49822
11 42 11356
11 47 67402
11 48 81281
11 50 13013
11 54 28803
11 55 74520
11 58 82767
11 62 85961
11 69 87359
11 73 51891
11 75 77320
11 77 398
11 78 67137
11 82 1794
11 92 48589
11 93 71349
11 99 50267
12 2 63838
12 4 64947
12 11 98377
12 16 69124
12 17 28794
12 18 62104
12 22 58441
12 30 53481
12 36 69814
12 39 32005
12 40 78017
12 41 94372
12 44 937
12 52 7502
12 57 14533
12 59 83986
12 66 41805
12 74 52372
12 76 2361
12 83 30172
12 84 13970
12 86 50522
12 93 10295
12 94 52876
12 95 81165
13 7 76209
13 10 54309
13 12 91850
13 18 17002
13 19 18886
13 24 16621
13 25 61688
13 26 8504
13 31 15952
13 32 46665
13 33 52148
13 34 61807
13 35 10136
13 36 1498
13 37 26420
13 38 65244
13 40 9757
13 46 31891
13 48 46289
13 53 8155
13 54 75986
13 57 2704
13 60 75221
13 62 75547
13 67 12944
13 71 6927
13 72 88180
13 73 5373
13 74 56642
13 75 75077
13 78 41796
13 87 20923
13 88 19990
13 92 63115
13 98 69224
14 2 52458
14 5 39155
14 9 73402
14 17 8989
14 18 33017
14 23 21803
14 26 11682
14 28 76949
14 30 35735
14 31 27400
14 32 1701
14 42 5017
14 44 1882
14 49 76764
14 51 47647
14 53 73937
14 54 80282
14 59 21684
14 62 93596
14 65 11589
14 67 50234
14 69 69618
14 70 50294
14 72 15025
14 73 94849
14 75 54414
14 78 26994
14 79 20400
14 81 10227
14 82 59816
14 85 14822
14 86 11667
14 87 32902
14 93 25857
14 96 94998
15 2 70758
15 3 36672
15 10 11038
15 11 15961
15 17 62112
15 19 32240
15 21 78655
15 26 2161
15 27 27319
15 28 9507
15 35 20545
15 38 71549
15 39 13730
15 41 77920
15 48 42760
15 49 78926
15 61 64
15 69 75953
15 79 71685
15 80 90405
15 81 4065
15 82 64107
15 83 21262
15 84 36809
15 88 86838
15 89 58513
15 93 37065
15 94 27587
16 6 881
16 7 48455
16 11 88527
16 13 27237
16 19 17794
16 20 2375
16 23 54087
16 27 71881
16 30 95769
16 32 60335
16 39 43695
16 41 43497
16 45 41525
16 47 43272
16 53 61754
16 55 17081
16 59 55799
16 62 52010
16 65 44004
16 68 88211
16 70 11388
16 77 32083
16 78 75358
16 80 7621
16 82 21255
16 84 31519
16 88 24501
16 93 1213
16 97 11021
17 3 94508
17 7 79475
17 8 36457
17 10 27844
17 19 58857
17 26 15196
17 27 89973
17 28 83161
17 30 31786
17 31 55472
17 32 62924
17 40 17878
17 41 31236
17 43 59075
17 45 71332
17 48 89366
17 51 74449
17 53 34705
17 55 9590
17 62 28873
17 72 27429
17 75 51690
17 78 67119
17 80 13379
17 81 99406
17 82 2738
17 86 60916
17 87 28012
17 88 40686
17 91 81854
17 94 15806
17 97 63523
17 98 85096
18 2 49850
18 4 39688
18 6 6285
18 8 19493
18 9 22403
18 16 36662
18 17 26281
18 19 4830
18 20 60312
18 22 10540
18 23 54114
18 38 36959
18 44 53214
18 47 30309
18 49 35640
18 51 12309
18 55 91116
18 57 83081
18 59 91266
18 60 65999
18 63 29571
18 64 21855
18 65 8026
18 68 53617
18 73 38024
18 74 81393
18 75 4926
18 77 62749
18 78 34283
18 79 13376
18 80 90804
18 83 62538
18 84 52912
18 88 33868
18 93 75145
18 94 62077
18 98 76150
19 1 17949
19 3 86236
19 7 1408
19 12 38914
19 25 60012
19 31 63887
19 32 26731
19 33 27448
19 37 16081
19 45 70862
19 47 19489
19 49 97002
19 51 78087
19 56 29760
19 59 53467
19 60 35053
19 66 18398
19 67 5033
19 68 18927
19 73 63602
19 77 18157
19 78 45848
19 90 26688
19 92 11597
19 93 29799
19 98 69595
20 2 4978
20 3 18299
20 4 26268
20 5 87357
20 8 77711
20 12 98806
20 13 40437
20 15 6088
20 19 82976
20 22 11009
20 24 73498
20 28 12125
20 31 64575
20 35 15070
20 37 33051
20 42 13516
20 43 80871
20 44 22053
20 48 75614
20 54 31539
20 59 16555
20 63 2023
20 64 94502
20 66 2633
20 67 22396
20 70 27119
20 72 18906
20 74 48756
20 76 55716
20 87 1215
20 88 47151
20 89 24289
20 90 72039
20 91 55140
20 93 65452
20 95 17127
20 97 60326
20 99 46933
21 2 29693
21 10 62364
21 11 50544
21 14 93590
21 16 79465
21 22 76000
21 23 35764
21 34 70084
21 35 93731
21 36 89751
21 37 43636
21 46 49401
21 47 11986
21 50 61210
21 51 21285
21 52 14024
21 67 10500
21 78 20953
21 85 45739
21 88 3603
21 92 76608
22 2 69017
22 13 27241
22 15 98632
22 16 9779
22 26 63567
22 28 53908
22 30 2629
22 35 52959
22 38 10483
22 42 93819
22 45 99229
22 47 49616
22 49 48738
22 50 85980
22 52 31537
22 55 99282
22 56 90335
22 57 3889
22 59 42053
22 61 37948
22 62 4818
22 68 36771
22 69 91064
22 70 88606
22 76 37172
22 79 14297
22 80 30551
22 82 23111
22 88 32770
22 97 42230
23 1 13522
23 5 14122
23 8 67099
23 9 57096
23 10 71591
23 12 54679
23 15 10110
23 17 18039
23 24 47047
23 27 65418
23 29 88992
23 31 33239
23 33 97420
23 38 25322
23 39 80641
23 40 50341
23 42 62095
23 44 5083
23 45 73075
23 49 7073
23 54 13751
23 60 2979
23 67 10614
23 68 6194
23 70 41656
23 72 55148
23 73 11444
23 75 93974
23 88 16599
23 91 42000
23 92 69224
23 95 69428
24 9 14704
24 14 79298
24 16 84626
24 18 86565
24 19 24288
24 22 10399
24 26 39426
24 28 14647
24 33 34412
24 34 11296
24 35 38642
24 38 65616
24 39 23629
24 45 36853
24 46 66447
24 50 83108
24 54 1305
24 55 53409
24 59 354
24 60 11323
24 66 32580
24 72 16749
24 75 33440
24 76 24609
24 82 83855
24 85 79504
24 87 44650
24 91 96969
24 93 88453
24 95 53886
24 96 26441
25 4 23407
25 6 88841
25 9 41086
25 14 92755
25 15 95469
25 16 74019
25 18 32496
25 22 97841
25 24 48130
25 28 5155
25 30 47291
25 31 31452
25 34 80464
25 39 18307
25 41 10805
25 51 84452
25 55 14831
25 56 93597
25 60 62940
25 63 72340
25 65 70960
25 69 20572
25 78 93749
25 79 23022
25 84 56805
25 96 85735
25 98 19565
26 2 94309
26 7 21505
26 9 84357
26 18 37182
26 19 65978
26 42 61934
26 43 31191
26 52 65004
26 64 5780
26 67 49697
26 70 68859
26 75 12101
26 76 40266
26 78 11105
26 79 33723
26 85 55559
26 87 10801
26 89 65069
26 90 5071
26 94 5471
26 98 55414
27 2 97848
27 6 50019
27 9 67679
27 10 37549
27 18 96420
27 20 28537
27 25 19598
27 31 12613
27 32 66445
27 35 93078
27 37 48496
27 40 30239
27 46 77825
27 47 76830
27 52 24915
27 55 96923
27 56 56565
27 57 81324
27 60 11024
27 61 14437
27 62 50652
27 65 65304
27 66 47072
27 69 36371
27 70 16271
27 73 2255
27 79 40253
27 84 57895
27 86 85948
27 87 22817
27 89 66641
27 90 93617
27 91 69425
27 93 44510
27 97 59858
28 1 32360
28 4 4499
28 11 14477
28 12 88909
28 16 12848
28 23 31416
28 26 40621
28 27 87698
28 30 91122
28 32 54543
28 34 65542
28 36 22823
28 37 60520
28 42 28955
28 45 69089
28 47 93329
28 48 38309
28 50 82890
28 60 15261
28 62 52435
28 75 58272
28 83 77739
28 93 9631
28 97 44252
29 1 68404
29 2 45682
29 3 40342
29 6 67767
29 11 66143
29 12 48417
29 13 36065
29 15 33552
29 16 19325
29 18 88887
29 20 81895
29 22 89109
29 26 7401
29 27 63217
29 28 25920
29 33 94468
29 35 22332
29 37 28093
29 39 89904
29 45 37778
29 46 98184
29 51 1113
29 54 61898
29 57 8718
29 61 3529
29 64 47259
29 66 85518
29 72 40459
29 74 40833
29 76 91460
29 77 19233
29 80 78036
29 81 87220
29 84 34419
29 87 86452
29 92 38632
29 94 37676
30 10 62554
30 13 86298
30 24 50002
30 27 96670
30 32 45353
30 35 3764
30 40 55064
30 41 72179
30 51 93559
30 53 32487
30 54 70847
30 56 67346
30 60 13216
30 64 11765
30 67 31642
30 68 45036
30 69 64715
30 71 7238
30 77 75151
30 81 97331
30 84 69762
30 86 86794
30 87 51141
30 89 30024
30 91 18673
30 92 52343
30 95 67303
31 2 45818
31 5 28174
31 12 61653
31 16 9612
31 21 63248
31 22 50611
31 26 175
31 29 27229
31 32 49486
31 36 73911
31 40 58349
31 46 73930
31 50 8366
31 51 3268
31 52 78493
31 55 86770
31 58 83845
31 59 50416
31 61 18547
31 63 64915
31 65 33199
31 68 23745
31 79 96769
31 83 65133
31 86 23306
31 89 47
31 94 59691
31 99 40437
32 8 4496
32 15 65621
32 18 52590
32 20 13856
32 22 50672
32 38 72447
32 41 33226
32 44 44012
32 46 23833
32 51 20566
32 54 25039
32 60 77995
32 61 13810
32 65 94575
32 66 27873
32 72 90271
32 78 91301
32 82 28623
32 85 46958
32 87 35794
32 90 93565
33 2 98777
33 4 64383
33 5 66197
33 8 61517
33 10 57765
33 15 7973
33 18 33019
33 21 30091
33 22 40652
33 28 60136
33 31 11997
33 36 36955
33 37 62528
33 39 60835
33 42 83288
33 44 73448
33 46 69188
33 52 14019
33 53 33076
33 54 48443
33 56 93394
33 62 37455
33 66 41585
33 67 75740
33 69 39134
33 70 91138
33 75 34533
33 77 41746
33 79 45264
33 81 58817
33 87 33532
33 94 57714
33 96 616
34 4 59231
34 6 66738
34 12 33282
34 14 2912
34 15 2067
34 17 19536
34 18 15249
34 26 1828
34 31 21293
34 32 86200
34 35 89136
34 40 35619
34 41 71958
34 45 19363
34 47 73160
34 50 22459
34 51 96951
34 52 53985
34 53 46844
34 55 24894
34 57 32480
34 64 52048
34 66 32228
34 68 91003
34 70 87593
34 72 22929
34 79 5214
34 80 35036
34 81 76549
34 82 40979
34 84 30456
34 87 82773
34 88 46845
34 91 52302
34 95 36135
34 99 81974
35 7 54011
35 8 22180
35 17 62956
35 19 98746
35 25 92137
35 26 37793
35 28 82664
35 31 27046
35 32 38332
35 33 94643
35 47 67727
35 48 4484
35 49 31577
35 52 88647
35 56 42094
35 59 64072
35 60 45098
35 63 3925
35 64 77121
35 66 83884
35 67 36979
35 68 60610
35 69 75163
35 71 66875
35 73 69016
35 76 26938
35 81 79104
35 82 17469
35 86 48458
35 91 55601
35 92 88944
35 96 76172
35 98 87962
36 3 96823
36 15 57230
36 19 54403
36 24 20733
36 25 70235
36 30 46234
36 32 73577
36 35 92195
36 43 55266
36 44 31264
36 46 13880
36 47 11716
36 48 60095
36 52 69447
36 56 65848
36 57 65276
36 59 33322
36 60 15404
36 64 41825
36 68 29457
36 71 18363
36 81 58453
36 89 79733
36 90 79068
36 96 55086
36 98 46716
36 99 2926
37 9 64024
37 14 23799
37 15 21072
37 17 79655
37 18 40
37 22 87702
37 25 39407
37 30 67896
37 31 79568
37 32 97196
37 35 83605
37 36 97240
37 38 3100
37 39 16632
37 42 33149
37 43 78546
37 47 70181
37 48 85555
37 52 15681
37 53 59182
37 63 22856
37 65 70737
37 67 72086
37 69 45443
37 73 44014
37 74 59936
37 78 19144
37 79 38539
37 81 3824
37 82 79181
37 85 17107
37 86 44705
37 88 37596
37 92 26037
37 97 41603
37 99 30433
38 4 48571
38 5 69052
38 10 44039
38 14 56226
38 16 72416
38 17 64025
38 19 77087
38 20 85312
38 21 84823
38 28 94904
38 29 43437
38 30 79350
38 33 98952
38 34 35215
38 43 27163
38 46 59437
38 47 37922
38 48 51305
38 58 88236
38 61 65976
38 63 76844
38 65 14283
38 69 33594
38 75 37801
38 83 35555
38 84 18433
38 97 77239
39 1 89553
39 3 99558
39 9 23713
39 28 19552
39 30 51582
39 31 8319
39 36 50038
39 38 46486
39 40 77895
39 42 87792
39 44 61621
39 45 28639
39 48 98423
39 49 32103
39 51 54338
39 53 69757
39 56 71451
39 61 67204
39 65 45115
39 73 79117
39 74 42639
39 80 22061
39 81 49774
39 83 64756
39 87 66190
39 92 73286
39 96 31545
39 99 23814
40 3 83220
40 7 75545
40 10 56879
40 11 3924
40 14 9807
40 16 66107
40 18 56517
40 20 44637
40 25 64208
40 26 87207
40 28 25321
40 32 31690
40 35 6898
40 37 50734
40 38 70090
40 41 56824
40 43 13978
40 52 17491
40 54 42066
40 56 55143
40 63 95925
40 65 9581
40 69 15459
40 71 47030
40 73 27585
40 74 93001
40 75 75213
40 77 50402
40 81 39002
40 87 3141
40 88 61988
40 89 85542
40 92 55399
41 1 93612
41 2 96501
41 5 27237
41 6 24945
41 10 19281
41 14 23283
41 18 88769
41 20 19084
41 23 20758
41 24 88614
41 26 68681
41 28 69464
41 29 57794
41 31 635
41 47 13524
41 51 51463
41 54 65512
41 59 76622
41 60 44474
41 62 66249
41 63 2987
41 66 8966
41 68 24899
41 69 45964
41 71 50522
41 72 20924
41 77 57478
41 81 44676
41 83 65205
41 84 93983
41 89 25989
41 91 96661
41 95 87256
41 98 13483
42 1 30602
42 3 62151
42 7 44891
42 8 59990
42 16 33320
42 19 71605
42 21 99426
42 27 56123
42 30 28195
42 32 88199
42 34 12488
42 36 5122
42 40 5238
42 41 43405
42 46 30961
42 47 92824
42 48 1156
42 52 78401
42 53 56809
42 55 63304
42 58 5857
42 64 42582
42 66 89796
42 67 57874
42 70 93920
42 71 77461
42 73 80256
42 74 26507
42 79 577
42 80 46510
42 83 37544
42 86 58939
42 87 68581
42 89 60340
42 92 76223
42 96 80537
42 97 4614
43 1 58375
43 4 91888
43 5 41322
43 6 69824
43 9 23777
43 11 40954
43 14 44933
43 19 52444
43 23 28937
43 27 772
43 30 18379
43 31 3214
43 34 88301
43 41 54179
43 46 55
43 50 60508
43 54 43914
43 55 12463
43 59 96025
43 61 97148
43 62 79647
43 71 85166
43 73 52503
43 74 60580
43 82 7370
43 83 32052
43 85 9645
43 88 55416
43 91 14726
43 92 75096
44 4 4332
44 6 88955
44 8 61483
44 11 5462
44 15 81386
44 27 80560
44 35 73713
44 37 5080
44 38 54761
44 40 86507
44 41 28498
44 43 96035
44 46 46618
44 48 89612
44 52 14094
44 56 95567
44 57 29967
44 59 5435
44 62 55976
44 65 2317
44 66 50858
44 68 59097
44 71 25604
44 73 85081
44 74 96289
44 77 67633
44 80 84560
44 81 4507
44 83 4333
44 84 30111
44 85 72099
44 94 24395
44 95 41384
44 96 51968
44 97 70035
44 98 57392
45 5 56692
45 6 3420
45 10 55903
45 11 99419
45 14 8726
45 15 78288
45 20 43572
45 21 96862
45 27 78007
45 31 22835
45 32 17180
45 33 51001
45 35 83808
45 36 98113
45 37 3265
45 38 36692
45 44 57032
45 46 98958
45 47 5097
45 48 42025
45 51 23290
45 52 93558
45 55 16102
45 71 25497
45 73 67776
45 76 90785
45 77 30093
45 79 19495
45 80 55641
45 82 47209
45 86 96693
45 87 48254
45 95 54634
45 97 2936
45 98 25827
46 5 26647
46 8 9301
46 9 3971
46 11 83022
46 16 12179
46 23 24524
46 25 57524
46 30 86746
46 40 30624
46 50 90522
46 52 43350
46 53 65058
46 54 20963
46 55 41328
46 58 75923
46 60 70280
46 61 66116
46 63 24563
46 67 88017
46 75 79337
46 77 10212
46 83 27898
46 85 4529
46 86 65056
46 88 6901
46 90 25522
46 93 34923
46 96 8903
46 97 66194
47 6 98244
47 9 68654
47 10 71323
47 15 42720
47 24 43310
47 25 15028
47 26 93065
47 30 41990
47 32 81914
47 43 93138
47 46 3789
47 48 7397
47 49 73660
47 51 91634
47 53 35765
47 54 8262
47 55 96431
47 57 83408
47 59 39362
47 61 19881
47 66 13777
47 67 36456
47 68 14114
47 73 20686
47 81 96997
47 82 5805
47 83 98398
47 85 15722
47 87 84639
47 91 92524
47 98 35762
47 99 76304
48 3 95054
48 8 49027
48 9 24933
48 10 66823
48 12 89689
48 14 49070
48 19 2068
48 21 45023
48 23 49703
48 24 9504
48 25 27038
48 26 29776
48 30 1238
48 31 86479
48 40 42169
48 41 48073
48 43 91009
48 46 43385
48 49 4171
48 53 38564
48 54 45528
48 61 39984
48 66 61822
48 70 58762
48 75 95096
48 77 79880
48 80 53747
48 82 67910
48 91 77209
48 92 49157
48 93 74120
48 96 44239
48 98 49421
49 3 69418
49 7 36458
49 8 87458
49 11 9352
49 12 73988
49 25 50134
49 26 92804
49 28 24955
49 29 95670
49 36 25158
49 38 31099
49 40 55440
49 42 60689
49 45 85378
49 46 70379
49 57 67461
49 58 442
49 60 36492
49 68 84245
49 74 15257
49 77 65437
49 78 52628
49 83 2354
49 85 73126
49 86 35942
49 90 31549
49 92 76265
49 93 65225
49 96 37765
49 99 63863
50 2 73560
50 5 16935
50 8 3957
50 12 98448
50 25 28186
50 29 67589
50 36 93725
50 38 61081
50 39 40071
50 40 22439
50 42 36342
50 45 19200
50 48 41216
50 51 45508
50 54 72904
50 55 59961
50 56 3567
50 57 98554
50 58 93072
50 60 51224
50 61 28800
50 63 74993
50 67 55016
50 70 72857
50 72 77397
50 73 64719
50 75 98133
50 78 88891
50 94 57592
50 95 2013
50 96 89102
51 3 44750
51 5 52688
51 11 40296
51 13 20847
51 22 58232
51 33 49251
51 36 12508
51 37 77610
51 38 32241
51 40 78293
51 42 62239
51 43 33705
51 44 57972
51 46 29417
51 49 2391
51 53 38221
51 55 93815
51 57 41833
51 58 89453
51 59 76303
51 60 92396
51 61 32837
51 62 11025
51 68 64460
51 69 62403
51 73 912
51 74 9835
51 75 27689
51 76 22443
51 77 22197
51 79 39646
51 80 72685
51 86 66468
51 89 37018
51 93 9060
51 94 78484
51 95 85652
51 99 59688
52 2 31039
52 3 67024
52 11 52950
52 13 74667
52 14 24324
52 15 76744
52 17 33519
52 19 38786
52 23 56646
52 25 74009
52 28 33102
52 29 80283
52 38 58406
52 41 15101
52 43 62091
52 47 5124
52 48 10138
52 49 97285
52 50 22756
52 54 35842
52 56 17798
52 59 38277
52 60 96638
52 64 49928
52 65 79542
52 67 21201
52 70 15856
52 74 89646
52 75 9947
52 87 70247
52 89 41615
52 96 44584
53 4 4728
53 5 39123
53 7 76927
53 9 68836
53 15 52835
53 18 89981
53 19 96321
53 20 25827
53 22 17900
53 27 8177
53 28 71036
53 31 58849
53 32 53254
53 38 6647
53 40 44693
53 45 44330
53 50 81337
53 52 92092
53 61 40794
53 67 41516
53 76 79027
53 78 14441
53 83 46897
53 85 50175
53 87 16515
53 89 94558
53 91 84208
53 93 82402
53 94 98788
53 99 33801
54 3 84470
54 4 41186
54 5 13823
54 6 8503
54 7 61739
54 9 92497
54 16 43493
54 17 82568
54 19 63726
54 21 86068
54 25 15632
54 26 18419
54 28 46438
54 35 93325
54 37 65232
54 38 96693
54 39 94284
54 42 83590
54 45 97476
54 53 20551
54 58 86180
54 61 99579
54 62 78935
54 65 22182
54 66 57951
54 84 57046
54 88 40552
54 90 88981
54 96 45934
55 8 31733
55 9 63089
55 10 89525
55 12 94630
55 14 78356
55 20 42125
55 21 15930
55 29 90034
55 36 77545
55 37 40470
55 38 37388
55 40 9241
55 41 48747
55 44 18955
55 56 82831
55 59 88384
55 60 16562
55 65 16837
55 71 7370
55 73 87598
55 76 48236
55 78 49354
55 80 95015
55 81 36179
55 85 72673
55 88 96835
55 90 26640
55 91 15919
55 93 86763
55 94 76045
55 95 68098
55 97 66658
55 98 99695
56 3 87292
56 4 21707
56 7 71647
56 10 6161
56 11 86593
56 12 88240
56 14 90185
56 15 53252
56 16 40508
56 17 63735
56 18 45747
56 20 82810
56 24 95929
56 28 79199
56 29 38069
56 34 32587
56 38 47621
56 41 51085
56 46 14186
56 47 62958
56 49 57709
56 53 84322
56 54 67376
56 57 7489
56 61 87439
56 62 46865
56 66 41147
56 70 45141
56 76 36595
56 77 54300
56 79 25687
56 80 94563
56 81 94821
56 83 73488
56 85 74347
56 86 82136
56 90 18402
56 93 87287
56 98 39394
57 2 28545
57 3 2541
57 9 84968
57 11 76514
57 15 36605
57 17 1374
57 19 7556
57 20 40056
57 21 72680
57 26 9538
57 30 79477
57 32 19430
57 37 68850
57 40 50077
57 42 17981
57 45 4711
57 46 41473
57 48 88006
57 52 6889
57 54 85638
57 55 10842
57 60 12153
57 63 46863
57 66 49072
57 71 68789
57 72 33663
57 73 35491
57 74 59952
57 75 17845
57 76 35136
57 77 17600
57 80 33266
57 84 83819
57 86 66828
57 97 23802
57 98 82635
58 2 74847
58 3 98011
58 7 77447
58 8 34666
58 9 49907
58 10 55392
58 12 58486
58 14 31325
58 17 30992
58 20 20764
58 21 6490
58 23 79045
58 28 38677
58 32 90000
58 39 18183
58 45 87272
58 47 27445
58 56 68244
58 61 81614
58 63 88295
58 70 1802
58 77 21367
58 82 24379
58 83 10819
58 86 38135
58 91 63627
58 94 36795
58 95 99849
59 2 39819
59 3 41089
59 4 26996
59 6 14584
59 7 49200
59 11 37743
59 13 34759
59 15 34299
59 21 10685
59 25 31042
59 27 14288
59 28 37653
59 33 38388
59 34 2752
59 37 45452
59 39 3131
59 40 56132
59 42 45280
59 45 38380
59 46 32776
59 50 3619
59 53 38501
59 63 79240
59 70 55030
59 83 74987
59 85 7241
59 89 65543
59 91 39250
59 95 26680
59 97 37283
59 98 93497
60 4 13571
60 6 940
60 7 93686
60 9 68189
60 11 32237
60 12 45381
60 14 11773
60 15 49444
60 16 40458
60 20 17826
60 21 68783
60 22 70414
60 26 15314
60 29 79183
60 33 17637
60 37 18147
60 38 23685
60 44 82410
60 48 32991
60 54 59871
60 56 84737
60 64 28847
60 66 85588
60 70 32448
60 74 90179
60 77 16311
60 81 98772
60 83 74391
60 84 69747
60 85 77347
60 89 3117
60 99 80803
61 1 26958
61 2 87352
61 4 37988
61 8 74341
61 13 30743
61 14 29520
61 18 40440
61 23 52267
61 25 64464
61 26 735
61 33 32898
61 34 58732
61 35 93002
61 36 38692
61 37 65047
61 41 68349
61 52 1841
61 59 77591
61 60 92830
61 62 64114
61 64 34917
61 67 53437
61 70 78880
61 72 27691
61 76 74483
61 84 68484
61 87 85730
61 91 67202
61 97 29487
61 98 83451
61 99 61968
62 3 63883
62 4 40823
62 15 75617
62 18 1554
62 25 67707
62 31 82162
62 34 70996
62 35 26817
62 37 72823
62 39 9375
62 40 60063
62 42 48455
62 46 57897
62 48 93926
62 49 77371
62 52 95630
62 53 92179
62 55 95659
62 57 95614
62 58 82260
62 63 83474
62 65 28509
62 66 9642
62 67 22505
62 73 71563
62 80 77583
62 86 87019
62 87 61591
63 1 93865
63 5 67570
63 6 82257
63 7 32395
63 13 48207
63 15 65587
63 23 94562
63 24 939
63 26 33076
63 27 7062
63 32 66163
63 33 13366
63 39 52457
63 43 21088
63 45 21712
63 47 92237
63 48 67618
63 51 34024
63 54 53885
63 56 34096
63 60 97862
63 70 63269
63 75 69784
63 78 21786
63 81 88532
63 82 40990
63 85 96654
63 86 2161
63 87 13242
63 88 89501
63 91 5748
63 92 81784
63 94 33139
63 99 52685
64 2 4585
64 4 32043
64 13 22206
64 14 2918
64 15 71304
64 21 86868
64 22 72569
64 23 38244
64 24 34427
64 32 31458
64 37 67280
64 38 8895
64 40 98367
64 43 22004
64 45 85044
64 48 89812
64 50 33223
64 57 84534
64 58 78643
64 59 24168
64 66 39250
64 69 44406
64 73 10308
64 74 36824
64 81 91417
64 83 67953
64 85 63089
64 88 94055
64 92 62052
64 93 48562
65 1 42307
65 4 51423
65 17 17482
65 21 32529
65 22 63412
65 23 70395
65 26 99612
65 28 85789
65 29 67943
65 30 30087
65 33 3435
65 34 24148
65 41 18545
65 45 76847
65 46 23961
65 50 10790
65 53 41665
65 56 84532
65 68 57010
65 69 67345
65 70 50270
65 71 75249
65 78 58310
65 79 88036
65 80 97629
65 83 95273
65 85 89349
65 87 53665
65 89 90066
65 91 51582
65 94 48156
65 97 51778
66 8 10550
66 11 45306
66 14 47293
66 16 26240
66 18 54931
66 21 67643
66 23 13366
66 25 83499
66 28 14621
66 30 20920
66 31 7052
66 38 30314
66 45 82203
66 50 93779
66 51 85607
66 55 73089
66 58 89864
66 59 40018
66 67 51667
66 74 43794
66 79 15508
66 83 62892
66 88 38243
66 90 14364
66 92 4394
66 98 33048
67 1 65037
67 3 6275
67 5 85860
67 6 79282
67 8 45944
67 11 9794
67 17 3633
67 18 3900
67 22 26462
67 24 23944
67 25 31019
67 29 53037
67 31 6484
67 36 74178
67 39 84340
67 40 66152
67 43 81311
67 44 17781
67 45 3092
67 48 68690
67 49 26324
67 54 93618
67 59 77043
67 64 32027
67 69 64127
67 72 43219
67 73 35419
67 75 73211
67 78 95742
67 80 54863
67 82 23477
67 85 54021
67 92 49578
67 94 35577
67 97 93143
68 9 24185
68 12 16338
68 20 53609
68 24 396
68 37 57101
68 38 79823
68 39 62394
68 43 68305
68 45 50543
68 46 22210
68 50 25448
68 55 87901
68 56 51892
68 58 51586
68 73 72550
68 77 60316
68 78 62122
68 79 21514
68 80 49036
68 83 21683
68 85 93050
68 86 17817
68 87 82875
68 90 39044
68 97 90932
69 9 39517
69 13 65700
69 16 14141
69 17 27440
69 18 47537
69 24 22658
69 26 8350
69 31 2721
69 32 45330
69 34 49131
69 36 9724
69 49 8455
69 52 47710
69 53 99210
69 54 68285
69 55 31289
69 57 74305
69 58 71907
69 59 58092
69 60 7623
69 68 31490
69 70 15838
69 75 72478
69 76 56807
69 79 60223
69 89 36539
69 91 3504
69 92 87446
69 95 49697
69 97 64115
69 98 68387
69 99 94612
70 6 76951
70 7 931
70 9 56201
70 12 44283
70 15 73829
70 17 97989
70 18 84382
70 24 99677
70 25 26597
70 28 70995
70 31 67729
70 37 86589
70 46 62187
70 51 90822
70 53 78096
70 55 68973
70 57 50421
70 67 13859
70 72 46268
70 77 44747
70 78 50286
70 82 36601
70 85 68195
70 87 17781
70 89 31069
70 91 87928
70 93 97067
70 95 36562
70 96 28296
70 98 21074
71 2 64108
71 8 59754
71 11 89542
71 12 76242
71 14 54687
71 18 50878
71 19 55298
71 21 97388
71 25 84147
71 26 99201
71 33 44979
71 37 84629
71 38 55625
71 39 51184
71 47 72676
71 48 40297
71 50 35471
71 53 46896
71 61 21443
71 62 39855
71 67 17676
71 69 52384
71 74 18724
71 78 98473
71 81 25713
71 85 99306
71 90 38252
71 91 32442
71 92 53053
71 95 56367
71 99 98251
72 1 46170
72 3 73315
72 9 84720
72 16 34131
72 18 23642
72 21 51565
72 22 75196
72 26 32776
72 33 36959
72 37 57078
72 39 2763
72 44 2539
72 45 33038
72 47 53181
72 52 50239
72 55 84078
72 59 77534
72 62 19901
72 63 9723
72 64 94456
72 65 61190
72 76 90241
72 83 25644
72 86 75928
72 90 52899
72 94 3438
72 95 15571
73 1 51821
73 4 36520
73 6 17118
73 7 30423
73 9 15078
73 10 46455
73 16 69611
73 20 14258
73 21 45816
73 22 74760
73 24 80525
73 28 10054
73 29 33021
73 38 50512
73 41 80458
73 46 81125
73 49 23885
73 53 91547
73 54 60921
73 58 71503
73 59 66255
73 60 49030
73 61 41095
73 63 37986
73 69 71858
73 70 68547
73 71 45986
73 74 44261
73 77 59403
73 82 24143
73 83 61306
73 89 54045
73 93 13689
73 94 52859
73 97 26686
73 98 40920
73 99 2046
74 2 95537
74 3 8173
74 8 34473
74 10 66469
74 11 76529
74 14 99112
74 15 64814
74 19 37773
74 22 14952
74 28 53550
74 32 63754
74 35 1975
74 38 91101
74 41 23759
74 45 25055
74 46 6051
74 48 9202
74 53 61572
74 54 88112
74 56 76655
74 59 82214
74 61 15204
74 63 17495
74 69 89166
74 79 36624
74 81 7887
74 82 80739
74 85 65092
74 87 27946
74 88 67884
74 89 28016
74 92 32832
74 93 77012
74 94 27427
74 95 43775
74 96 81499
74 97 58252
74 99 50912
75 1 87151
75 3 8133
75 5 47520
75 8 42658
75 10 23339
75 12 35633
75 15 42058
75 16 78524
75 19 79770
75 31 21786
75 32 4561
75 34 67447
75 35 64351
75 36 11596
75 37 8576
75 41 68830
75 42 78508
75 47 56657
75 53 83069
75 54 99244
75 55 75062
75 61 59369
75 62 44864
75 73 64882
75 76 87554
75 78 35033
75 84 75018
75 87 90282
75 94 87351
75 99 57311
76 9 4440
76 10 9193
76 11 90227
76 13 68016
76 14 7054
76 15 23168
76 16 69481
76 17 80684
76 28 36797
76 31 66194
76 34 38574
76 38 52156
76 41 42351
76 44 73325
76 46 54622
76 48 49749
76 49 75120
76 58 46996
76 62 4027
76 66 67105
76 67 32525
76 68 58113
76 71 90485
76 73 91216
76 79 10786
76 82 66600
76 84 51110
76 86 93640
76 87 93192
76 88 97552
76 90 79351
76 91 68633
76 93 10956
76 94 26722
76 95 58092
76 96 82886
77 1 96762
77 4 56582
77 5 77470
77 12 71602
77 13 66454
77 14 51613
77 17 86596
77 20 87025
77 22 91167
77 23 55782
77 24 9338
77 31 93780
77 32 83084
77 34 92284
77 36 92731
77 38 21754
77 50 29026
77 52 78540
77 54 37912
77 59 91932
77 61 82666
77 62 96646
77 64 18732
77 67 71783
77 69 17777
77 72 2928
77 80 47562
77 81 92712
77 84 29583
77 86 77694
77 87 37919
77 88 89557
77 94 80509
77 96 6882
77 98 44170
78 1 22046
78 5 21417
78 6 6769
78 12 87665
78 15 74359
78 22 36622
78 23 6154
78 28 82043
78 29 46953
78 30 96381
78 31 40461
78 33 39141
78 39 74075
78 41 26860
78 43 42240
78 47 50357
78 48 84167
78 52 17489
78 60 91265
78 62 79830
78 64 71161
78 66 12510
78 69 39338
78 72 94146
78 73 2657
78 74 20045
78 76 60068
78 79 80851
78 81 49350
78 90 55358
78 91 73298
78 92 81978
78 93 76311
78 94 45240
78 95 68241
78 97 73340
79 1 788
79 2 97906
79 4 16298
79 12 4920
79 13 6163
79 19 87842
79 20 27058
79 21 61425
79 28 34911
79 35 82906
79 38 44001
79 40 49359
79 49 66211
79 50 4010
79 52 28890
79 53 85182
79 55 28422
79 58 74081
79 60 75374
79 61 74367
79 75 55877
79 77 52893
79 85 34242
79 86 3965
79 90 77465
79 91 15151
79 92 67481
79 93 44084
79 95 21967
80 2 65882
80 4 78976
80 11 31854
80 13 37055
80 14 99921
80 19 83772
80 21 19761
80 23 81047
80 24 47340
80 25 75259
80 27 18901
80 31 69503
80 37 41580
80 40 2696
80 41 89737
80 46 74128
80 47 63046
80 52 30489
80 61 72602
80 66 31831
80 69 93335
80 70 41966
80 71 28055
80 74 91800
80 84 69143
80 86 55239
80 87 91628
80 90 58101
80 91 53582
80 94 54038
80 95 87581
81 2 26606
81 3 16024
81 13 68806
81 18 20230
81 19 82427
81 23 36702
81 24 5253
81 31 11260
81 32 82747
81 43 44058
81 49 96898
81 52 54334
81 54 13803
81 57 8364
81 62 9420
81 65 41994
81 66 71641
81 69 62920
81 70 59244
81 72 63058
81 83 65683
81 87 90949
81 89 46318
81 91 47655
81 92 2345
81 97 85335
81 98 87834
81 99 44038
82 3 33001
82 4 11933
82 7 51003
82 8 11960
82 10 42223
82 12 68243
82 27 86459
82 29 79749
82 31 89548
82 40 82851
82 44 4583
82 46 26163
82 50 83944
82 54 11031
82 59 92801
82 61 73558
82 62 50433
82 64 49243
82 71 15481
82 72 27286
82 79 44330
82 80 55836
82 83 65630
82 84 63424
82 92 74957
82 93 9326
83 1 93920
83 10 15366
83 16 68277
83 19 11013
83 24 83399
83 25 57817
83 36 80371
83 40 25854
83 48 32446
83 50 81265
83 57 95725
83 62 73958
83 63 83685
83 67 60284
83 74 12391
83 75 68717
83 77 21007
83 78 96468
83 80 68930
83 87 81584
83 88 295
83 91 77351
83 92 17572
83 95 17177
83 96 57656
84 1 15180
84 4 13256
84 6 50041
84 10 52389
84 11 55004
84 13 89347
84 22 93672
84 24 94915
84 32 72799
84 40 13689
84 42 76679
84 43 30260
84 46 44796
84 49 93465
84 50 88857
84 52 24287
84 56 49115
84 59 41835
84 62 55805
84 64 47203
84 65 72151
84 67 80453
84 68 83899
84 78 7498
84 86 88441
84 88 23703
84 92 58545
84 96 45527
84 97 21714
85 3 430
85 5 68942
85 8 31123
85 12 44827
85 15 96930
85 17 28990
85 23 51801
85 31 13740
85 35 28171
85 36 60289
85 39 25088
85 41 48540
85 45 29906
85 50 72563
85 51 84921
85 52 25950
85 66 95839
85 72 34547
85 73 42523
85 76 68923
85 78 56135
85 80 31238
85 83 36453
85 86 47181
85 90 17521
85 94 21053
85 96 60712
85 99 70982
86 2 8693
86 3 22232
86 6 36701
86 11 41238
86 13 53714
86 19 65451
86 21 84969
86 24 20671
86 25 49494
86 26 95524
86 29 40712
86 32 3879
86 33 49948
86 36 73269
86 40 86771
86 44 91597
86 47 59033
86 48 19982
86 53 57840
86 59 31300
86 60 92352
86 64 42913
86 66 69683
86 67 91214
86 71 67684
86 74 80543
86 78 33659
86 83 77882
86 92 98165
86 98 59549
87 5 1902
87 10 91867
87 15 23411
87 18 2378
87 28 71650
87 35 32537
87 36 51905
87 41 20544
87 44 33801
87 49 83152
87 54 43996
87 55 98380
87 57 14252
87 58 20026
87 59 43115
87 60 97982
87 64 2252
87 71 57514
87 78 24498
87 79 45010
87 82 22399
87 84 54554
87 90 60412
87 91 41185
87 92 10047
87 98 67079
88 3 15540
88 6 89804
88 9 7913
88 10 56876
88 14 60155
88 26 69132
88 29 80694
88 30 24064
88 33 50039
88 36 45359
88 41 77747
88 44 66501
88 45 87400
88 47 5705
88 57 60232
88 60 69385
88 61 28204
88 65 46267
88 67 41719
88 70 42331
88 78 83764
88 79 37681
88 85 26164
88 94 75454
88 95 54752
88 96 70
88 98 70284
89 2 9506
89 4 10718
89 10 68341
89 11 60614
89 16 95523
89 19 39109
89 21 33563
89 25 90746
89 28 54184
89 37 26736
89 38 90621
89 43 99502
89 48 93638
89 56 12684
89 57 71788
89 62 78090
89 63 29017
89 64 44814
89 68 53968
89 75 6011
89 76 54766
89 80 19386
89 83 55605
89 84 74161
89 85 50434
89 86 94640
89 87 68118
89 90 59326
89 91 54066
89 96 23173
89 98 52576
90 12 10485
90 13 75277
90 15 48403
90 17 58893
90 18 40585
90 22 84710
90 25 35303
90 29 73421
90 30 66022
90 33 89997
90 34 93685
90 37 87824
90 38 46168
90 39 98570
90 42 2597
90 45 12987
90 53 64656
90 58 57466
90 60 92840
90 62 52163
90 64 42760
90 67 56358
90 73 67532
90 81 89469
90 83 92231
90 84 94857
90 94 6286
90 97 79105
90 99 66239
91 6 5134
91 7 8369
91 10 32980
91 12 89889
91 13 32853
91 14 42902
91 15 28622
91 16 85950
91 19 77227
91 21 81094
91 22 48220
91 28 86156
91 29 10501
91 31 48965
91 36 6318
91 37 45093
91 39 59576
91 40 22165
91 45 50217
91 46 24849
91 49 92989
91 52 524
91 60 51672
91 62 33607
91 64 68188
91 66 70717
91 67 82708
91 72 88728
91 75 74753
91 77 30710
91 84 64722
91 86 70062
91 88 27407
91 98 8705
91 99 31648
92 5 31427
92 8 51882
92 14 45445
92 17 9157
92 20 59405
92 22 16110
92 36 48264
92 41 37001
92 44 53622
92 46 26916
92 50 39486
92 55 77842
92 56 49840
92 57 44626
92 58 36255
92 59 85024
92 60 14807
92 61 81603
92 62 68011
92 65 5981
92 68 38429
92 73 99311
92 75 89597
92 77 50322
92 90 16523
92 95 83829
92 99 6546
93 3 73400
93 4 33217
93 5 51082
93 6 26476
93 25 56179
93 26 88801
93 31 66152
93 32 90649
93 34 47492
93 35 72588
93 36 56003
93 37 10940
93 38 36365
93 45 76898
93 57 71075
93 58 79301
93 59 79278
93 61 58701
93 63 63030
93 66 53558
93 68 49283
93 72 63919
93 75 78278
93 77 17808
93 80 99414
93 81 9080
93 83 94254
93 84 87998
93 85 12024
93 87 9819
93 88 36071
93 89 42050
93 90 82263
93 96 60066
94 7 28057
94 11 40197
94 14 45364
94 19 28970
94 20 95772
94 21 4962
94 22 49759
94 23 54756
94 24 24874
94 32 68312
94 36 32372
94 37 74007
94 42 36280
94 43 15352
94 45 73294
94 48 84581
94 49 14022
94 61 35765
94 62 14797
94 64 8353
94 69 86730
94 82 38632
94 84 11505
94 86 77502
94 89 81937
94 95 35706
94 96 72680
94 97 68080
95 8 35563
95 9 92390
95 11 74104
95 15 47064
95 16 86920
95 21 449
95 26 42642
95 27 22677
95 28 53128
95 32 50608
95 33 68285
95 36 81978
95 37 1618
95 39 56161
95 43 52062
95 46 67968
95 47 71509
95 48 23310
95 49 28332
95 54 41914
95 56 65187
95 63 72704
95 64 35025
95 65 62000
95 66 56412
95 67 4429
95 68 49798
95 77 72255
95 81 17733
95 86 24402
95 87 82680
95 90 91160
95 97 77571
95 98 10996
96 1 32123
96 4 34569
96 5 20405
96 10 2838
96 11 80323
96 19 38624
96 20 55859
96 26 54818
96 27 98809
96 28 2869
96 29 98200
96 30 19022
96 32 53043
96 34 15270
96 38 71440
96 40 14651
96 41 10377
96 45 34834
96 56 66888
96 57 87855
96 58 5146
96 64 89016
96 68 38274
96 73 36573
96 79 32000
96 81 84327
96 82 76600
96 90 81633
96 91 17945
96 92 49709
97 2 12677
97 5 47893
97 6 24847
97 9 8052
97 11 10548
97 13 1239
97 24 89661
97 29 96769
97 32 95728
97 34 4227
97 35 43382
97 36 57039
97 47 20445
97 48 21765
97 49 33367
97 51 41799
97 52 68756
97 54 21428
97 56 26007
97 58 2093
97 60 38387
97 63 19986
97 64 44549
97 75 81241
97 76 12272
97 80 57688
97 87 14054
97 96 72497
98 1 61348
98 5 14780
98 6 45163
98 12 78681
98 16 76266
98 20 69885
98 21 48945
98 23 47257
98 29 82055
98 34 24
98 37 96160
98 40 57151
98 42 82243
98 43 72329
98 46 22653
98 50 28803
98 51 56024
98 52 90378
98 53 27538
98 54 52866
98 64 51404
98 67 41415
98 74 65749
98 75 16101
98 76 66893
98 78 46588
98 79 23180
98 80 68181
98 85 98060
98 90 11004
98 93 62443
98 94 75868
98 96 34233
99 2 7248
99 6 68313
99 10 76545
99 15 26188
99 16 63493
99 19 99118
99 21 34914
99 23 92944
99 24 32749
99 29 1064
99 30 9397
99 32 67423
99 42 56372
99 44 94
99 45 28792
99 50 54440
99 56 84754
99 68 27471
99 76 55826
99 78 5845
99 80 11769
99 83 11111
99 88 88881
99 98 41058
